0	
1	
2	
3	
4	
5	
6	
7	
8	
9	
10	
11	
12	
13	
14	547	
15	548	
16	549	
17	550	
18	551	
19	552	
20	553	
21	554	
22	574	
23	569	
24	558	
25	45	
26	562	
27	586	
28	194	
29	631	
30	632	
31	635	
32	641	
33	34	416	
34	35	36	
35	419	
36	10	
37	39	41	
38	481	504	
39	38	
40	559	
41	502	
42	482	503	
43	480	545	
44	43	
45	536	538	585	
46	33	
47	36	52	420	
48	56	203	
49	57	98	
50	36	424	467	
51	60	414	
52	66	451	
53	54	
54	85	202	
55	84	93	
56	63	329	639	
57	59	266	288	
58	395	528	
59	97	528	
60	501	527	
61	37	530	
62	99	203	
63	131	132	329	
64	135	136	497	
65	129	199	491	
66	443	
67	444	
68	444	
69	128	183	380	
70	103	497	
71	70	
72	107	497	
73	72	
74	111	497	
75	74	
76	115	497	
77	76	
78	119	497	
79	78	
80	123	497	
81	80	
82	127	497	
83	82	
84	533	534	581	
85	165	270	329	
86	87	
87	141	275	358	578	
88	92	401	543	
89	10	492	
90	89	
91	149	254	390	
92	140	508	
93	140	558	
94	140	561	
95	157	322	357	
96	144	447	
97	478	
98	44	143	289	
99	130	329	638	
100	617	
101	0	100	
102	608	617	
103	101	102	
104	617	
105	1	104	
106	609	617	
107	105	106	
108	617	
109	2	108	
110	610	617	
111	109	110	
112	617	
113	3	112	
114	611	617	
115	113	114	
116	617	
117	4	116	
118	612	617	
119	117	118	
120	617	
121	5	120	
122	613	617	
123	121	122	
124	617	
125	6	124	
126	614	617	
127	125	126	
128	161	213	
129	188	448	
130	189	329	
131	171	639	
132	193	400	
133	166	357	
134	173	346	491	
135	7	145	
136	615	617	
137	174	340	357	
138	10	170	181	
139	40	422	
140	141	
141	146	422	
142	36	181	344	
143	146	421	
144	10	362	448	534	
145	617	
146	572	
147	36	324	523	
148	203	204	274	
149	210	239	484	
150	209	212	491	
151	10	185	
152	206	207	357	
153	208	222	357	
154	217	336	491	
155	196	211	491	
156	219	323	357	
157	191	195	
158	36	224	558	
159	186	200	
160	36	225	345	
161	259	285	601	
162	214	
163	162	640	
164	214	379	
165	163	164	
166	176	232	594	
167	339	562	
168	167	
169	10	228	630	633	
170	180	216	354	
171	193	
172	214	379	
173	315	490	
174	195	319	
175	203	263	
176	232	284	285	
177	255	571	
178	250	576	
179	192	273	
180	216	344	
181	216	374	540	
182	220	290	
183	223	261	594	
184	218	243	483	
185	253	456	622	632	
186	230	237	349	434	
187	362	534	
188	187	362	534	
189	205	265	638	
190	366	620	
191	190	366	620	
192	10	293	508	
193	265	371	
194	448	583	
195	236	509	
196	317	448	
197	448	560	
198	197	
199	449	534	
200	245	298	
201	10	262	
202	203	
203	10	258	
204	313	330	
205	265	638	
206	232	592	
207	231	385	
208	232	386	
209	372	448	
210	459	471	
211	449	533	
212	449	532	
213	260	594	
214	361	363	
215	40	264	
216	215	
217	233	406	508	
218	230	452	483	
219	235	373	508	
220	231	355	623	
221	267	276	566	
222	231	295	
223	249	282	341	
224	300	358	360	578	
225	269	271	370	
226	227	
227	278	384	386	594	
228	301	456	543	622	
229	474	595	
230	229	
231	277	458	
232	278	543	
233	234	
234	450	578	
235	236	
236	278	623	
237	524	626	
238	411	459	
239	410	
240	311	390	
241	302	390	
242	310	390	
243	245	
244	474	524	
245	244	
246	303	390	
247	36	304	
248	36	305	
249	348	594	602	
250	252	
251	573	574	
252	251	
253	326	369	590	
254	468	484	590	
255	257	
256	568	569	
257	256	
258	569	574	
259	353	594	607	
260	296	348	596	
261	292	331	604	
262	272	454	635	
263	287	329	398	
264	280	281	
265	363	
266	44	
267	404	564	
268	501	
269	369	622	
270	329	640	
271	326	590	
272	455	633	634	
273	335	370	
274	329	381	
275	450	
276	404	564	
277	278	
278	367	373	
279	321	405	
280	279	
281	321	405	
282	389	599	
283	353	389	
284	283	
285	353	389	
286	42	
287	329	398	
288	289	
289	480	502	
290	335	621	
291	341	606	
292	291	
293	294	
294	370	383	589	
295	331	341	
296	331	598	
297	350	397	629	
298	350	434	461	
299	405	579	
300	299	405	579	
301	365	621	622	
302	509	543	629	630	
303	508	509	587	588	
304	455	543	588	589	
305	370	454	508	591	
306	454	
307	306	404	
308	454	579	
309	307	308	
310	454	508	633	634	
311	508	509	630	633	
312	381	398	
313	312	381	398	
314	376	555	
315	314	376	555	
316	532	533	
317	316	532	533	
318	391	618	
319	318	391	618	
320	624	
321	563	
322	456	620	
323	456	618	
324	378	587	
325	9	509	
326	325	
327	328	
328	396	505	
329	330	
330	509	641	
331	387	592	
332	454	583	
333	457	558	
334	10	458	
335	334	
336	456	555	
337	413	
338	458	561	
339	338	
340	391	456	
341	385	593	
342	344	
343	374	540	
344	343	
345	454	631	
346	376	456	
347	385	387	
348	347	
349	350	
350	8	10	
351	423	
352	377	394	
353	385	387	
354	539	540	
355	357	
356	380	390	
357	356	
358	360	
359	388	460	
360	359	
361	371	400	
362	372	402	
363	382	399	
364	377	406	
365	621	622	
366	373	392	
367	392	403	
368	375	509	
369	368	
370	512	
371	638	
372	532	
373	618	
374	539	
375	9	
376	377	
377	556	
378	589	
379	640	
380	630	
381	382	
382	637	
383	591	
384	385	
385	592	
386	387	
387	593	
388	558	
389	594	
390	10	
391	392	
392	619	
393	394	
394	557	
395	396	
396	504	
397	595	
398	399	
399	636	
400	639	
401	582	
402	533	
403	620	
404	405	
405	567	
406	555	
407	454	
408	512	543	
409	408	
410	409	453	
411	462	498	
412	473	484	
413	484	486	
414	42	527	
415	51	418	
416	415	
417	430	444	
418	417	
419	395	444	
420	443	514	
421	422	
422	577	
423	504	505	
424	518	
425	238	626	
426	427	511	
427	49	67	428	
428	40	390	
429	49	67	
430	432	517	
431	423	482	
432	58	351	502	
433	486	
434	486	
435	437	517	
436	435	
437	37	97	
438	327	439	482	
439	478	
440	390	441	446	
441	442	443	475	
442	60	437	
443	444	
444	141	333	401	
445	68	505	
446	445	
447	10	449	560	
448	449	
449	450	543	
450	352	406	
451	482	
452	524	
453	459	
454	508	
455	543	
456	543	
457	543	
458	543	
459	462	484	486	
460	543	
461	626	
462	626	
463	464	531	
464	465	526	528	
465	466	529	
466	431	479	528	530	
467	468	469	470	626	
468	337	461	
469	461	590	
470	471	472	
471	484	486	509	626	
472	473	524	
473	320	625	
474	473	
475	414	476	
476	327	439	477	
477	502	
478	139	146	
479	328	502	
480	481	504	
481	546	
482	545	
483	484	486	626	
484	485	
485	628	
486	627	
487	491	513	516	
488	364	393	
489	364	393	488	
490	234	509	
491	10	583	
492	493	494	520	523	
493	433	474	524	
494	434	483	
495	390	496	497	
496	512	629	
497	8	462	498	
498	499	
499	485	486	
500	497	
501	41	503	
502	545	
503	504	546	
504	544	
505	546	
506	332	507	
507	407	510	
508	509	
509	543	
510	388	429	
511	10	94	558	
512	590	
513	489	490	
514	414	436	438	
515	595	626	
516	393	456	
517	431	527	
518	425	519	522	523	
519	409	453	500	
520	433	468	512	
521	461	525	
522	521	
523	412	434	515	
524	462	499	
525	483	
526	61	268	286	
527	528	
528	422	559	572	
529	327	482	530	
530	439	
531	388	443	
532	150	
533	155	
534	65	
535	86	
536	535	
537	55	
538	537	
539	138	
540	142	
541	342	
542	541	
543	542	
544	46	
545	47	
546	440	
547	548	
548	549	
549	550	
550	551	
551	552	
552	553	
553	554	
554	578	
555	154	
556	134	
557	487	
558	426	
559	635	
560	96	
561	168	
562	198	
563	404	
564	11	
565	564	
566	565	
567	221	
568	12	
569	568	
570	257	
571	570	
572	177	
573	13	
574	573	
575	252	
576	575	
577	178	
578	158	
579	309	
580	140	
581	580	
582	88	
583	506	
584	463	
585	584	
586	159	
587	147	
588	246	
589	247	
590	179	
591	248	
592	152	
593	153	
594	133	
595	297	
596	608	
597	609	
598	597	
599	610	
600	611	
601	600	
602	612	
603	613	
604	603	
605	614	
606	605	
607	615	
608	71	
609	73	
610	75	
611	77	
612	79	
613	81	
614	83	
615	64	
616	184	
617	616	
618	156	
619	137	
620	95	
621	182	
622	169	
623	69	
624	625	
625	226	
626	50	
627	90	
628	91	
629	495	
630	241	
631	160	
632	151	
633	240	
634	242	
635	201	
636	175	
637	148	
638	62	
639	48	
640	53	
641	172	
