642
num1 is 643
created graph
101	
105	
109	
113	
117	
121	
125	
135	
350	497	
325	375	
36	89	138	144	151	169	192	201	203	334	350	390	447	491	511	
564	
568	
573	



















46	
33	
34	
34	47	50	142	147	158	160	247	248	
61	437	
39	
37	
139	215	428	
37	501	
286	414	
44	
98	266	
25	
544	
545	
639	
427	429	
626	
415	
47	
640	
53	
537	
48	
49	
432	
57	
51	442	
526	
638	
56	
615	
534	
52	
427	429	
445	
623	
71	
608	
73	
609	
75	
610	
77	
611	
79	
612	
81	
613	
83	
614	
55	
54	
535	
86	
582	
90	
627	
628	
88	
55	
511	
620	
560	
59	437	
49	
62	
101	
103	
103	
70	
105	
107	
107	
72	
109	
111	
111	
74	
113	
115	
115	
76	
117	
119	
119	
78	
121	
123	
123	
80	
125	
127	
127	
82	
69	
65	
99	
63	
63	
594	
556	
64	
64	
619	
539	
478	
92	93	94	580	
87	140	444	
540	
98	
96	
135	
141	143	478	
587	
637	
91	
532	
632	
592	
593	
555	
533	
618	
95	
578	
586	
631	
128	
163	
165	
165	
85	
133	
168	
561	
622	
138	
131	
641	
134	
137	
636	
166	
572	
577	
590	
170	
138	142	
621	
69	
616	
151	
159	
188	
129	
130	
191	
157	
179	
132	171	
28	
157	174	
155	
198	
562	
65	
159	
635	
54	
48	62	148	175	202	
148	
189	
152	
152	
153	
150	
149	
155	
150	
128	
162	164	172	
216	
170	180	181	
154	
184	
156	
182	
567	
153	
183	
158	
160	
625	
226	
169	
230	
186	218	
207	220	222	
166	176	206	208	
217	
233	490	
219	
195	235	
186	
425	
149	
633	
630	
634	
184	
245	
200	243	
588	
589	
591	
223	
178	
252	
250	575	
185	
91	
177	
257	
255	570	
203	
161	
213	
183	
201	
175	
215	
189	193	205	
57	
221	
526	
225	
85	
225	
262	
179	
148	
87	
221	
231	
227	232	236	277	
280	
264	
264	
223	
284	
176	
161	176	
526	
263	
57	
98	288	
182	
292	
261	
192	
293	
222	
260	
595	
200	
300	
224	
228	
241	
246	
247	
248	
307	
309	
309	
579	
242	
240	
313	
204	
315	
173	
317	
196	
319	
174	
473	
279	281	
95	
156	
147	
326	
253	271	
438	476	529	
327	479	
56	63	85	99	130	263	270	274	287	
204	329	
261	295	296	
506	
444	
335	
273	290	
154	
468	
339	
167	
137	
223	291	295	
541	
344	
142	180	342	
160	
134	
348	
249	260	
186	
297	298	349	
432	
450	
259	283	285	
170	
220	
357	
95	133	137	152	153	156	355	
87	224	
360	
224	358	
214	
144	187	188	
214	265	
488	489	
301	
190	191	
278	
369	
253	269	
225	273	294	305	
193	361	
209	362	
219	278	366	
181	343	
368	
314	315	346	
352	364	376	
324	
164	172	
69	356	
274	312	313	
363	381	
294	
227	
207	341	347	353	384	
208	227	
331	347	353	386	
359	510	531	
282	283	285	
91	240	241	242	246	356	428	440	495	
318	319	340	
366	367	391	
488	489	516	
352	393	
58	419	
328	395	
297	
263	287	312	313	
363	398	
132	361	
88	444	
362	
367	
267	276	307	563	
279	281	299	300	404	
217	364	450	
507	
409	
410	519	
239	
238	
523	
337	
51	475	514	
416	
33	
418	
415	
35	
47	
143	
139	141	421	528	
351	431	
50	
518	
558	
426	
427	
510	
417	
466	517	
430	
493	520	
186	298	494	523	
436	
514	
435	442	
514	
438	476	530	
546	
440	
441	
66	420	441	531	
67	68	417	419	443	
446	
440	
96	
129	144	194	196	197	209	
199	211	212	447	448	
234	275	449	
52	
218	
410	519	
262	305	306	308	310	332	345	407	
272	304	
185	228	322	323	336	340	346	516	
333	
231	334	338	
210	238	453	
359	
298	468	469	521	
411	459	497	524	
584	
463	
464	
465	
50	
254	467	520	
467	
467	
210	470	
470	
412	472	474	
229	244	493	
441	
475	
476	
97	439	
466	
43	289	
38	480	
42	431	438	451	529	
184	218	494	525	
149	254	412	413	459	471	483	
484	499	
413	433	434	459	471	483	499	
557	
489	
513	
173	513	
65	134	150	154	155	487	
89	
492	
492	
629	
495	
64	70	72	74	76	78	80	82	495	500	
411	497	
498	524	
519	
60	268	
41	289	432	477	479	
42	501	
38	396	423	480	503	
328	423	445	
583	
506	
92	192	217	219	303	305	310	311	454	
195	302	303	311	325	330	368	471	490	508	
507	
426	
370	408	496	520	
487	
420	
523	
487	
430	435	
424	
518	
492	
522	
518	
147	492	518	
237	244	452	472	493	
521	
464	
60	414	517	
58	59	464	466	527	
465	
61	466	529	
463	
212	316	317	372	
84	211	316	317	402	
84	144	187	188	199	
536	
45	
538	
45	
354	374	
181	343	354	
542	
543	
88	228	232	302	304	408	449	455	456	457	458	460	509	
504	
43	482	502	
481	503	505	
14	
15	547	
16	548	
17	549	
18	550	
19	551	
20	552	
21	553	
314	315	336	406	
377	
394	
24	93	158	333	388	511	
40	528	
197	447	
94	338	
26	167	
321	
267	276	565	
566	
221	
405	
256	569	
23	256	258	
571	
177	
146	528	
251	574	
22	251	258	
576	
178	
422	
87	224	234	554	
299	300	308	
581	
84	
401	
194	332	491	
585	
45	
27	
303	324	
303	304	
294	304	378	
253	254	271	469	512	
305	383	
206	331	385	
341	387	
166	183	213	227	249	259	389	
229	397	515	
260	
598	
296	
282	
601	
161	
249	
604	
261	
606	
291	
259	
102	596	
106	597	
110	599	
114	600	
118	602	
122	603	
126	605	
136	607	
617	
100	102	104	106	108	110	112	114	116	118	120	122	124	126	136	145	
318	319	323	373	
392	
190	191	322	403	
290	301	365	
185	228	269	301	365	
220	236	
320	
473	624	
237	425	461	462	467	471	483	515	
486	
485	
297	302	496	
169	302	311	380	
29	345	
30	185	
169	272	310	311	
272	310	
31	262	559	
399	
382	
99	189	205	371	
56	131	400	
163	270	379	
32	330	

reading types
0 PI
1 PI
2 PI
3 PI
4 PI
5 PI
6 PI
7 PI
8 PI
9 PI
10 PI
11 PI
12 PI
13 PI
14 PO
15 PO
16 PO
17 PO
18 PO
19 PO
20 PO
21 PO
22 PO
23 PO
24 PO
25 PO
26 PO
27 PO
28 PO
29 PO
30 PO
31 PO
32 PO
33 na02m80
34 no02f80
35 in01f80
36 in01f80
37 no02f80
38 no02f80
39 in01f80
40 in01f80
41 in01f80
42 no02f80
43 na02f80
44 in01f80
45 na03f80
46 in01f80
47 ao12f80
48 no02f80
49 na02f80
50 ao12f80
51 na02f80
52 na02f80
53 in01f80
54 na02f80
55 no02f80
56 ao12f80
57 na03f80
58 na02f80
59 no02f80
60 na02f80
61 na02f80
62 no02f80
63 ao12f80
64 na03f80
65 ao12f80
66 in01f80
67 in01f80
68 in01f80
69 ao12f80
70 na02f80
71 in01f80
72 na02f80
73 in01f80
74 na02f80
75 in01f80
76 na02f80
77 in01f80
78 na02f80
79 in01f80
80 na02f80
81 in01f80
82 na02f80
83 in01f80
84 oa12f80
85 oa12f80
86 in01f80
87 na04m80
88 oa12f80
89 na02f80
90 in01f80
91 ao12f80
92 na02f80
93 na02f80
94 na02f80
95 ao12f80
96 na02f80
97 in01f80
98 na03f80
99 ao12f80
100 in01f80
101 na02f80
102 na02f80
103 na02f80
104 in01f80
105 na02f80
106 na02f80
107 na02f80
108 in01f80
109 na02f80
110 na02f80
111 na02f80
112 in01f80
113 na02f80
114 na02f80
115 na02f80
116 in01f80
117 na02f80
118 na02f80
119 na02f80
120 in01f80
121 na02f80
122 na02f80
123 na02f80
124 in01f80
125 na02f80
126 na02f80
127 na02f80
128 no02f80
129 na02f80
130 no02f80
131 na02f80
132 na02f80
133 no02f80
134 ao12f80
135 na02f80
136 na02f80
137 ao12f80
138 na03f80
139 no02f80
140 in01f80
141 na02f80
142 ao12f80
143 no02f80
144 na04m80
145 in01f80
146 in01f80
147 ao12f80
148 ao12f80
149 ao12f80
150 ao12f80
151 na02f80
152 ao12f80
153 ao12f80
154 ao12f80
155 ao12f80
156 ao12f80
157 na02f80
158 ao12f80
159 na02f80
160 ao12f80
161 oa12f80
162 in01f80
163 na02f80
164 na02f80
165 na02f80
166 ao12f80
167 no02f80
168 in01f80
169 na04m80
170 ao12f80
171 in01f80
172 no02f80
173 na02f80
174 na02f80
175 no02f80
176 ao12f80
177 na02f80
178 na02f80
179 na02f80
180 no02f80
181 na03f80
182 na02f80
183 ao12f80
184 oa12f80
185 ao22s80
186 na04m80
187 no02f80
188 ao12f80
189 ao12f80
190 no02f80
191 ao12f80
192 na03f80
193 no02f80
194 na02f80
195 no02f80
196 na02f80
197 na02f80
198 in01f80
199 na02f80
200 na02f80
201 na02f80
202 in01f80
203 na02f80
204 na02f80
205 no02f80
206 na02f80
207 na02f80
208 na02f80
209 na02f80
210 na02f80
211 na02f80
212 na02f80
213 no02f80
214 na02f80
215 no02f80
216 in01f80
217 na03f80
218 na03f80
219 na03f80
220 na03f80
221 oa12f80
222 na02f80
223 oa12f80
224 ao22s80
225 oa12f80
226 in01f80
227 na04m80
228 ao22s80
229 na02f80
230 in01f80
231 no02f80
232 na02f80
233 in01f80
234 na02f80
235 in01f80
236 na02f80
237 no02f80
238 na02f80
239 in01f80
240 no02f80
241 no02f80
242 no02f80
243 in01f80
244 na02f80
245 in01f80
246 no02f80
247 no02f80
248 no02f80
249 na03f80
250 in01f80
251 na02f80
252 in01f80
253 oa12f80
254 oa12f80
255 in01f80
256 na02f80
257 in01f80
258 no02f80
259 na03f80
260 ao12f80
261 oa12f80
262 ao12f80
263 ao12f80
264 na02f80
265 in01f80
266 in01f80
267 na02f80
268 in01f80
269 no02f80
270 na02f80
271 na02f80
272 no03m80
273 na02f80
274 na02f80
275 in01f80
276 no02f80
277 in01f80
278 na02f80
279 no02f80
280 in01f80
281 na02f80
282 na02f80
283 no02f80
284 in01f80
285 na02f80
286 in01f80
287 no02f80
288 in01f80
289 na02f80
290 na02f80
291 no02f80
292 in01f80
293 in01f80
294 ao12f80
295 na02f80
296 no02f80
297 ao12f80
298 ao12f80
299 no02f80
300 ao12f80
301 oa12f80
302 ao22s80
303 ao22s80
304 ao22s80
305 ao22s80
306 in01f80
307 na02f80
308 na02f80
309 na02f80
310 ao22s80
311 ao22s80
312 no02f80
313 ao12f80
314 no02f80
315 ao12f80
316 no02f80
317 ao12f80
318 no02f80
319 ao12f80
320 in01f80
321 in01f80
322 na02f80
323 na02f80
324 na02f80
325 no02f80
326 in01f80
327 in01f80
328 na02f80
329 in01f80
330 no02f80
331 na02f80
332 na02f80
333 no02f80
334 na02f80
335 in01f80
336 na02f80
337 in01f80
338 na02f80
339 in01f80
340 na02f80
341 na02f80
342 in01f80
343 no02f80
344 in01f80
345 na02f80
346 na02f80
347 na02f80
348 in01f80
349 in01f80
350 na02f80
351 in01f80
352 no02f80
353 no02f80
354 no02f80
355 in01f80
356 no02f80
357 in01f80
358 in01f80
359 no02f80
360 in01f80
361 no02f80
362 no02f80
363 no02f80
364 no02f80
365 na02f80
366 no02f80
367 no02f80
368 no02f80
369 in01f80
370 in01f80
371 in01f80
372 in01f80
373 in01f80
374 in01f80
375 in01f80
376 in01f80
377 in01f80
378 in01f80
379 in01f80
380 in01f80
381 in01f80
382 in01f80
383 in01f80
384 in01f80
385 in01f80
386 in01f80
387 in01f80
388 in01f80
389 in01f80
390 in01f80
391 in01f80
392 in01f80
393 in01f80
394 in01f80
395 in01f80
396 in01f80
397 in01f80
398 in01f80
399 in01f80
400 in01f80
401 in01f80
402 in01f80
403 in01f80
404 in01f80
405 in01f80
406 in01f80
407 in01f80
408 na02f80
409 in01f80
410 na02f80
411 na02f80
412 no02f80
413 no02f80
414 na02f80
415 no02f80
416 in01f80
417 no02f80
418 in01f80
419 na02f80
420 na02f80
421 in01f80
422 in01f80
423 na02f80
424 in01f80
425 na02f80
426 na02f80
427 na03f80
428 no02f80
429 na02f80
430 na02f80
431 no02f80
432 na03f80
433 in01f80
434 in01f80
435 na02f80
436 in01f80
437 na02f80
438 na03f80
439 in01f80
440 ao12f80
441 oa12f80
442 na02f80
443 in01f80
444 na03f80
445 no02f80
446 in01f80
447 na03f80
448 in01f80
449 na02f80
450 na02f80
451 in01f80
452 in01f80
453 in01f80
454 in01f80
455 in01f80
456 in01f80
457 in01f80
458 in01f80
459 na03f80
460 in01f80
461 in01f80
462 in01f80
463 no02f80
464 ao12f80
465 na02f80
466 ao22s80
467 ao22s80
468 no02f80
469 no02f80
470 na02f80
471 na04m80
472 na02f80
473 na02f80
474 in01f80
475 na02f80
476 na03f80
477 in01f80
478 na02f80
479 no02f80
480 no02f80
481 in01f80
482 in01f80
483 no03m80
484 in01f80
485 in01f80
486 in01f80
487 ao12f80
488 no02f80
489 ao12f80
490 no02f80
491 na02f80
492 na04m80
493 oa12f80
494 na02f80
495 ao12f80
496 na02f80
497 na03f80
498 in01f80
499 na02f80
500 in01f80
501 no02f80
502 in01f80
503 na02f80
504 in01f80
505 in01f80
506 na02f80
507 na02f80
508 in01f80
509 in01f80
510 na02f80
511 na03f80
512 in01f80
513 na02f80
514 na03f80
515 no02f80
516 na02f80
517 na02f80
518 na04m80
519 ao12f80
520 na03f80
521 no02f80
522 in01f80
523 na03f80
524 no02f80
525 in01f80
526 na03f80
527 in01f80
528 na03f80
529 na03f80
530 in01f80
531 na02f80
532 ms00f80
533 ms00f80
534 ms00f80
535 ms00f80
536 in01f80
537 ms00f80
538 in01f80
539 ms00f80
540 ms00f80
541 ms00f80
542 ms00f80
543 ms00f80
544 ms00f80
545 ms00f80
546 ms00f80
547 ms00f80
548 ms00f80
549 ms00f80
550 ms00f80
551 ms00f80
552 ms00f80
553 ms00f80
554 ms00f80
555 ms00f80
556 ms00f80
557 ms00f80
558 ms00f80
559 ms00f80
560 ms00f80
561 ms00f80
562 ms00f80
563 ms00f80
564 ms00f80
565 ms00f80
566 in01f80
567 ms00f80
568 ms00f80
569 ms00f80
570 ms00f80
571 in01f80
572 ms00f80
573 ms00f80
574 ms00f80
575 ms00f80
576 in01f80
577 ms00f80
578 ms00f80
579 ms00f80
580 ms00f80
581 in01f80
582 ms00f80
583 ms00f80
584 ms00f80
585 in01f80
586 ms00f80
587 ms00f80
588 ms00f80
589 ms00f80
590 ms00f80
591 ms00f80
592 ms00f80
593 ms00f80
594 ms00f80
595 ms00f80
596 ms00f80
597 ms00f80
598 in01f80
599 ms00f80
600 ms00f80
601 in01f80
602 ms00f80
603 ms00f80
604 in01f80
605 ms00f80
606 in01f80
607 ms00f80
608 ms00f80
609 ms00f80
610 ms00f80
611 ms00f80
612 ms00f80
613 ms00f80
614 ms00f80
615 ms00f80
616 ms00f80
617 in01f80
618 ms00f80
619 ms00f80
620 ms00f80
621 ms00f80
622 ms00f80
623 ms00f80
624 ms00f80
625 ms00f80
626 ms00f80
627 ms00f80
628 ms00f80
629 ms00f80
630 ms00f80
631 ms00f80
632 ms00f80
633 ms00f80
634 ms00f80
635 ms00f80
636 ms00f80
637 ms00f80
638 ms00f80
639 ms00f80
640 ms00f80
641 ms00f80
642 
doing fanins or fanouts
done with leakage
displaying values
0	0	0
1	0	0
2	0	0
3	0	0
4	0	0
5	0	0
6	0	0
7	0	0
8	0	0
9	0	0
10	0	0
11	0	0
12	0	0
13	0	0
14	0	0
15	0	0
16	0	0
17	0	0
18	0	0
19	0	0
20	0	0
21	0	0
22	0	0
23	0	0
24	0	0
25	0	0
26	0	0
27	0	0
28	0	0
29	0	0
30	0	0
31	0	0
32	0	0
33	768	2
34	3072	1
35	2048	2
36	2048	2
37	3072	1
38	3072	1
39	2048	2
40	2048	2
41	2048	2
42	3072	1
43	3072	0
44	2048	2
45	4104	3
46	2048	2
47	6144	0
48	3072	1
49	3072	0
50	6144	0
51	3072	0
52	3072	0
53	2048	2
54	3072	0
55	3072	1
56	6144	0
57	4104	3
58	3072	0
59	3072	1
60	3072	0
61	3072	0
62	3072	1
63	6144	0
64	4104	3
65	6144	0
66	2048	2
67	2048	2
68	2048	2
69	6144	0
70	3072	0
71	2048	2
72	3072	0
73	2048	2
74	3072	0
75	2048	2
76	3072	0
77	2048	2
78	3072	0
79	2048	2
80	3072	0
81	2048	2
82	3072	0
83	2048	2
84	6144	3
85	6144	3
86	2048	2
87	1280	1
88	6144	3
89	3072	0
90	2048	2
91	6144	0
92	3072	0
93	3072	0
94	3072	0
95	6144	0
96	3072	0
97	2048	2
98	4104	3
99	6144	0
100	2048	2
101	3072	0
102	3072	0
103	3072	0
104	2048	2
105	3072	0
106	3072	0
107	3072	0
108	2048	2
109	3072	0
110	3072	0
111	3072	0
112	2048	2
113	3072	0
114	3072	0
115	3072	0
116	2048	2
117	3072	0
118	3072	0
119	3072	0
120	2048	2
121	3072	0
122	3072	0
123	3072	0
124	2048	2
125	3072	0
126	3072	0
127	3072	0
128	3072	1
129	3072	0
130	3072	1
131	3072	0
132	3072	0
133	3072	1
134	6144	0
135	3072	0
136	3072	0
137	6144	0
138	4104	3
139	3072	1
140	2048	2
141	3072	0
142	6144	0
143	3072	1
144	1280	1
145	2048	2
146	2048	2
147	6144	0
148	6144	0
149	6144	0
150	6144	0
151	3072	0
152	6144	0
153	6144	0
154	6144	0
155	6144	0
156	6144	0
157	3072	0
158	6144	0
159	3072	0
160	6144	0
161	6144	3
162	2048	2
163	3072	0
164	3072	0
165	3072	0
166	6144	0
167	3072	1
168	2048	2
169	1280	1
170	6144	0
171	2048	2
172	3072	1
173	3072	0
174	3072	0
175	3072	1
176	6144	0
177	3072	0
178	3072	0
179	3072	0
180	3072	1
181	4104	3
182	3072	0
183	6144	0
184	6144	3
185	512	1
186	1280	1
187	3072	1
188	6144	0
189	6144	0
190	3072	1
191	6144	0
192	4104	3
193	3072	1
194	3072	0
195	3072	1
196	3072	0
197	3072	0
198	2048	2
199	3072	0
200	3072	0
201	3072	0
202	2048	2
203	3072	0
204	3072	0
205	3072	1
206	3072	0
207	3072	0
208	3072	0
209	3072	0
210	3072	0
211	3072	0
212	3072	0
213	3072	1
214	3072	0
215	3072	1
216	2048	2
217	4104	3
218	4104	3
219	4104	3
220	4104	3
221	6144	3
222	3072	0
223	6144	3
224	512	1
225	6144	3
226	2048	2
227	1280	1
228	512	1
229	3072	0
230	2048	2
231	3072	1
232	3072	0
233	2048	2
234	3072	0
235	2048	2
236	3072	0
237	3072	1
238	3072	0
239	2048	2
240	3072	1
241	3072	1
242	3072	1
243	2048	2
244	3072	0
245	2048	2
246	3072	1
247	3072	1
248	3072	1
249	4104	3
250	2048	2
251	3072	0
252	2048	2
253	6144	3
254	6144	3
255	2048	2
256	3072	0
257	2048	2
258	3072	1
259	4104	3
260	6144	0
261	6144	3
262	6144	0
263	6144	0
264	3072	0
265	2048	2
266	2048	2
267	3072	0
268	2048	2
269	3072	1
270	3072	0
271	3072	0
272	1026	3
273	3072	0
274	3072	0
275	2048	2
276	3072	1
277	2048	2
278	3072	0
279	3072	1
280	2048	2
281	3072	0
282	3072	0
283	3072	1
284	2048	2
285	3072	0
286	2048	2
287	3072	1
288	2048	2
289	3072	0
290	3072	0
291	3072	1
292	2048	2
293	2048	2
294	6144	0
295	3072	0
296	3072	1
297	6144	0
298	6144	0
299	3072	1
300	6144	0
301	6144	3
302	512	1
303	512	1
304	512	1
305	512	1
306	2048	2
307	3072	0
308	3072	0
309	3072	0
310	512	1
311	512	1
312	3072	1
313	6144	0
314	3072	1
315	6144	0
316	3072	1
317	6144	0
318	3072	1
319	6144	0
320	2048	2
321	2048	2
322	3072	0
323	3072	0
324	3072	0
325	3072	1
326	2048	2
327	2048	2
328	3072	0
329	2048	2
330	3072	1
331	3072	0
332	3072	0
333	3072	1
334	3072	0
335	2048	2
336	3072	0
337	2048	2
338	3072	0
339	2048	2
340	3072	0
341	3072	0
342	2048	2
343	3072	1
344	2048	2
345	3072	0
346	3072	0
347	3072	0
348	2048	2
349	2048	2
350	3072	0
351	2048	2
352	3072	1
353	3072	1
354	3072	1
355	2048	2
356	3072	1
357	2048	2
358	2048	2
359	3072	1
360	2048	2
361	3072	1
362	3072	1
363	3072	1
364	3072	1
365	3072	0
366	3072	1
367	3072	1
368	3072	1
369	2048	2
370	2048	2
371	2048	2
372	2048	2
373	2048	2
374	2048	2
375	2048	2
376	2048	2
377	2048	2
378	2048	2
379	2048	2
380	2048	2
381	2048	2
382	2048	2
383	2048	2
384	2048	2
385	2048	2
386	2048	2
387	2048	2
388	2048	2
389	2048	2
390	2048	2
391	2048	2
392